20 97 -50 59 329 -50 116 333 -50 61 95 -50 
20 97 0 20 97 -50 59 329 -50 59 329 0
59 329 0 59 329 -50 116 333 -50 116 333 0
116 333 0 116 333 -50 61 95 -50 61 95 0
61 95 0 61 95 -50 20 97 -50 20 97 0
20 97 0 59 329 0 116 333 0 61 95 0 58 326 -50 112 92 -50 154 98 -50 114 329 -50 
58 326 0 58 326 -50 112 92 -50 112 92 0
112 92 0 112 92 -50 154 98 -50 154 98 0
154 98 0 154 98 -50 114 329 -50 114 329 0
114 329 0 114 329 -50 58 326 -50 58 326 0
58 326 0 112 92 0 154 98 0 114 329 0 111 95 -50 169 328 -50 239 329 -50 154 98 -50 
111 95 0 111 95 -50 169 328 -50 169 328 0
169 328 0 169 328 -50 239 329 -50 239 329 0
239 329 0 239 329 -50 154 98 -50 154 98 0
154 98 0 154 98 -50 111 95 -50 111 95 0
111 95 0 169 328 0 239 329 0 154 98 0 168 325 -50 204 93 -50 261 100 -50 236 319 -50 
168 325 0 168 325 -50 204 93 -50 204 93 0
204 93 0 204 93 -50 261 100 -50 261 100 0
261 100 0 261 100 -50 236 319 -50 236 319 0
236 319 0 236 319 -50 168 325 -50 168 325 0
168 325 0 204 93 0 261 100 0 236 319 0 284 98 -50 334 96 -50 440 314 -50 378 317 -50 
284 98 0 284 98 -50 334 96 -50 334 96 0
334 96 0 334 96 -50 440 314 -50 440 314 0
440 314 0 440 314 -50 378 317 -50 378 317 0
378 317 0 378 317 -50 284 98 -50 284 98 0
284 98 0 334 96 0 440 314 0 378 317 0 387 97 -50 293 311 -50 339 315 -50 431 101 -50 
387 97 0 387 97 -50 293 311 -50 293 311 0
293 311 0 293 311 -50 339 315 -50 339 315 0
339 315 0 339 315 -50 431 101 -50 431 101 0
431 101 0 431 101 -50 387 97 -50 387 97 0
387 97 0 293 311 0 339 315 0 431 101 0 501 91 -50 477 319 -50 533 320 -50 543 89 -50 
501 91 0 501 91 -50 477 319 -50 477 319 0
477 319 0 477 319 -50 533 320 -50 533 320 0
533 320 0 533 320 -50 543 89 -50 543 89 0
543 89 0 543 89 -50 501 91 -50 501 91 0
501 91 0 477 319 0 533 320 0 543 89 0 536 186 -50 612 101 -50 636 133 -50 538 215 -50 
536 186 0 536 186 -50 612 101 -50 612 101 0
612 101 0 612 101 -50 636 133 -50 636 133 0
636 133 0 636 133 -50 538 215 -50 538 215 0
538 215 0 538 215 -50 536 186 -50 536 186 0
536 186 0 612 101 0 636 133 0 538 215 0 539 215 -50 609 273 -50 599 311 -50 537 250 -50 
539 215 0 539 215 -50 609 273 -50 609 273 0
609 273 0 609 273 -50 599 311 -50 599 311 0
599 311 0 599 311 -50 537 250 -50 537 250 0
537 250 0 537 250 -50 539 215 -50 539 215 0
539 215 0 609 273 0 599 311 0 537 250 0 176 174 -50 201 301 -50 387 285 -50 
176 174 0 176 174 -50 201 301 -50 201 301 0
201 301 0 201 301 -50 387 285 -50 387 285 0
387 285 0 387 285 -50 176 174 -50 176 174 0
176 174 0 201 301 0 387 285 0 299 149 -50 373 186 -50 
299 149 0 299 149 -50 373 186 -50 373 186 0
373 186 0 373 186 -50 299 149 -50 299 149 0
299 149 0 373 186 0 